Taxon,GL2,GL3,GL4,GL1,GL0,PJ2,PJ3,PJ4,PJ1,PJ0,PP2,PP4,PP1,PP0
Unclassified;Other;Other;Other,0.0125633679,0.0313090418,0.02763912,0.0188280838,0.0033626004,0.1551174253,0.0309154877,0.0105060034,0.0427480916,0.0194537614,0.0050065876,0.002218388,0.0023980815,0.0009932459
k__Fungi;Other;Other;Other,0.0074939387,0.0221322537,0.0240340174,0.0056308288,0.0076592565,0.0089881125,0.0389999251,0.0075042882,0.0232061069,0.0307139435,0.10171278,0.0268671432,0.0110911271,0.0907826778
k__Fungi;p__Ascomycota;Other;Other,0.0138858276,0.0151147099,0.0616564984,0.0121414746,0.0100878012,0.0176862859,0.0329365971,0.0152229846,0.0204580153,0.044226162,0.0297760211,0.0384520582,0.006294964,0.14878824
k__Fungi;p__Ascomycota;c__Dothideomycetes;Other,0.011902138,0.049122807,0.04899242,0.0089741334,0.0506258173,0.0023195129,0.0263492776,0.0057890223,0.0128244275,0.017776713,0.0060606061,0.0027113631,0.0020983213,0.0027810886
k__Fungi;p__Ascomycota;c__Dothideomycetes;o__Botryosphaeriales,0,0,0.0001848771,0.0001759634,0,0,0,0,0,0,0.0026350461,0.0004929751,0,0.0003972984
k__Fungi;p__Ascomycota;c__Dothideomycetes;o__Capnodiales,0.0077143487,0.0062078273,0.0045294879,0.0036952314,0.0046702783,0.007828356,0.014596901,0.0302315609,0.0054961832,0.0309535218,0.0487483531,0.0108454523,0.0182853717,0.0484704013
k__Fungi;p__Ascomycota;c__Dothideomycetes;o__Dothideales,0.0202777166,0.0990553306,0.0452948789,0.1090973078,0.0235382029,0.0237750072,0.0179654166,0.0107204117,0.0140458015,0.0975563009,0.0100131752,0.0086270643,0.0041966427,0.0099324593
k__Fungi;p__Ascomycota;c__Dothideomycetes;o__Hysteriales,0,0,0,0,0,0,0.0001497118,0.0006432247,0,0.000287494,0,0.0007394627,0,0
k__Fungi;p__Ascomycota;c__Dothideomycetes;o__Incertae_sedis,0.0035265594,0.0172739541,0.0295803291,0.0147809256,0.0020549225,0.0432009278,0.0443146942,0.0186535163,0.0250381679,0.0237661715,0.0598155468,0.1488784816,0.0569544365,0.0868096941
k__Fungi;p__Ascomycota;c__Dothideomycetes;o__Pleosporales,0.2982146793,0.2310391363,0.3820484378,0.2127397501,0.3342051186,0.095100029,0.1684257804,0.6125643225,0.0635114504,0.2097747964,0.1238471673,0.0626078383,0.0320743405,0.0558204211
k__Fungi;p__Ascomycota;c__Dothideomycetes;o__unidentified,0.0028653295,0.0010796221,0.001756332,0,0.0001868111,0.0002899391,0.0011228385,0,0,0.000287494,0.0055335968,0.0034508257,0.0044964029,0.0061581248
k__Fungi;p__Ascomycota;c__Eurotiomycetes;Other,0,0.0037786775,0.0003697541,0,0.0005604334,0.0028993911,0.0034433715,0.0008576329,0.0024427481,0.0009583134,0.0100131752,0.0034508257,0.0032973621,0.0061581248
k__Fungi;p__Ascomycota;c__Eurotiomycetes;o__Arachnomycetales,0.0041877893,0,0,0,0,0,0,0,0,0,0,0,0,0
k__Fungi;p__Ascomycota;c__Eurotiomycetes;o__Chaetothyriales,0.0101388583,0.0442645074,0.0284710667,0.0205877178,0.0123295348,0.0669759351,0.0493300397,0.0377358491,0.1254961832,0.0583612841,0.0353096179,0.0219373922,0.0551558753,0.0784664283
k__Fungi;p__Ascomycota;c__Eurotiomycetes;o__Eurotiales,0.0068327088,0.0137651822,0.0034202256,0.0144289988,0.0031757893,0.0423311105,0.0336851561,0.029373928,0.0665648855,0.0025395304,0.0711462451,0.0971160956,0.1055155875,0.008541915
k__Fungi;p__Ascomycota;c__Eurotiomycetes;o__Onygenales,0.0013224598,0.0051282051,0.0020336476,0.0012317438,0.0001868111,0.0031893302,0.0064376076,0.0010720412,0.0082442748,0.0015333014,0.0015810277,0.0012324378,0,0
k__Fungi;p__Ascomycota;c__Eurotiomycetes;o__unidentified,0,0,0,0,0,0,0,0,0,0,0.0007905138,0.0004929751,0.0047961631,0.0001986492
k__Fungi;p__Ascomycota;c__Incertae_sedis;o__Incertae_sedis,0.0015428697,0.0078272605,0.0004621926,0.0005278902,0.0106482346,0.0063786605,0.0125757916,0.0098627787,0.0076335878,0.0109247724,0.0039525692,0.0073946266,0.0044964029,0.0015891935
k__Fungi;p__Ascomycota;c__Lecanoromycetes;Other,0,0,0,0,0,0.0005798782,0.0006737031,0,0.0021374046,0.0009583134,0,0,0,0.0007945967
k__Fungi;p__Ascomycota;c__Lecanoromycetes;o__Ostropales,0,0.0018893387,9.24385283786E-005,0,0.0005604334,0,0,0,0,0.000143747,0.0013175231,0,0,0.0017878427
k__Fungi;p__Ascomycota;c__Leotiomycetes;Other,0,0,0,0,0,0.0023195129,0.0032188038,0.0010720412,0.0079389313,0.000718735,0.0044795784,0.0002464876,0.0020983213,0.0019864919
k__Fungi;p__Ascomycota;c__Leotiomycetes;o__Geoglossales,0,0,0,0,0,0,0,0,0,0,0,0,0.0005995204,0.0005959476
k__Fungi;p__Ascomycota;c__Leotiomycetes;o__Helotiales,0,0.0318488529,0.0207986689,0.0022875242,0.4354567532,0.0066685996,0.0101804027,0.0034305317,0.0064122137,0.0443219933,0.0447957839,0.0345082573,0.0134892086,0.0566150179
k__Fungi;p__Ascomycota;c__Leotiomycetes;o__Incertae_sedis,0,0,0,0.0001759634,0.0001868111,0.0121774427,0.0012725503,0.0070754717,0.0109923664,0.0011978917,0.0002635046,0.0029578506,0.0071942446,0.0075486691
k__Fungi;p__Ascomycota;c__Leotiomycetes;o__Thelebolales,0,0,0.0006470697,0,0,0.0400115976,0,0,0,0.000143747,0,0,0,0
k__Fungi;p__Ascomycota;c__Orbiliomycetes;o__Orbiliales,0.00022041,0.0005398111,0.0007395082,0,0.0001868111,0.0028993911,0.0035930833,0.0053602058,0.000610687,0.0060852899,0.0118577075,0.0002464876,0,0.0015891935
k__Fungi;p__Ascomycota;c__Orbiliomycetes;o__unidentified,0,0,0,0,0,0.0002899391,0,0.0017152659,0.012519084,0.000431241,0,0,0,0
k__Fungi;p__Ascomycota;c__Pezizomycetes;Other,0,0,0,0,0,0,0,0,0,0,0,0.0012324378,0,0
k__Fungi;p__Ascomycota;c__Pezizomycetes;o__Pezizales,0.0169715671,0.0035087719,0.0028655944,0.0045750484,0.0022417336,0.012757321,0.1169249195,0.0287307033,0.0338931298,0.0133205558,0.0345191041,0.0239092926,0.0158872902,0.016090584
k__Fungi;p__Ascomycota;c__Pezizomycetes;o__unidentified,0.0006612299,0.0018893387,0,0,0.0011208668,0.0002899391,0,0.0002144082,0.0167938931,0.000287494,0.0039525692,0.0002464876,0,0.0001986492
k__Fungi;p__Ascomycota;c__Saccharomycetes;o__Saccharomycetales,0.0006612299,0,0,0.0007038536,0,0,0.0014222621,0.0019296741,0,0.0004791567,0,0,0,0
k__Fungi;p__Ascomycota;c__Sordariomycetes;Other,0.0013224598,0.0083670715,0.0021260862,0.0005278902,0.0048570895,0.0014496956,0.0008234149,0.0040737564,0.0042748092,0.0017249641,0.0065876153,0.0032043382,0.006294964,0.0017878427
k__Fungi;p__Ascomycota;c__Sordariomycetes;o__Coniochaetales,0.00022041,0.0021592443,0.0010168238,0,0.0005604334,0.0023195129,0.0012725503,0,0.001221374,0.0194058457,0.0068511199,0.0024648755,0.0011990408,0.0009932459
k__Fungi;p__Ascomycota;c__Sordariomycetes;o__Hypocreales,0.040996253,0.090148448,0.0781105565,0.0186521204,0.0171866243,0.0350826326,0.1039748484,0.0473842196,0.1065648855,0.0421178725,0.052173913,0.0204584668,0.0209832134,0.0154946365
k__Fungi;p__Ascomycota;c__Sordariomycetes;o__Incertae_sedis,0,0,0,0.0001759634,0,0.0005798782,0.001571974,0.00364494,0.0045801527,0.0057019645,0.0079051383,0.0024648755,0.0059952038,0.0198649186
k__Fungi;p__Ascomycota;c__Sordariomycetes;o__Microascales,0,0.0053981107,0,0,0,0,0.0005988472,0,0,9.58313368471E-005,0,0,0,0
k__Fungi;p__Ascomycota;c__Sordariomycetes;o__Sordariales,0.0482697818,0.0742240216,0.0735810686,0.0346647897,0.0173734355,0.0895911859,0.0653492028,0.0396655232,0.1395419847,0.0334930522,0.0653491436,0.0389450333,0.0476618705,0.0593961065
k__Fungi;p__Ascomycota;c__Sordariomycetes;o__Xylariales,0.0052898391,0.1020242915,0.0024034017,0.0126693648,0.0005604334,0.0023195129,0.0026199566,0.0002144082,0.0024427481,0.0006708194,0.0034255599,0.0019719004,0.0005995204,0
k__Fungi;p__Ascomycota;c__Sordariomycetes;o__unidentified,0.0019836897,0.0029689609,0.0073026437,0.0010557804,0.0074724454,0.0101478689,0.0028445243,0.0002144082,0.000610687,0.0119310014,0.0021080369,0.0019719004,0.0008992806,0
k__Fungi;p__Ascomycota;c__unidentified;o__unidentified,0.0052898391,0.0013495277,0.0037899797,0.0022875242,0.0009340557,0.0037692085,0.0028445243,0.0002144082,0.000610687,0.0065165309,0.0057971014,0.0004929751,0.0104916067,0.0033770362
k__Fungi;p__Basidiomycota;Other;Other,0.0015428697,0.0016194332,0.0026807173,0.0003519268,0.0031757893,0.0023195129,0.0010479826,0.0017152659,0.000610687,0.0027311931,0,0,0.0026978417,0
k__Fungi;p__Basidiomycota;c__Agaricomycetes;Other,0.0008816399,0,0,0.0001759634,0,0.0017396347,0,0.0002144082,0,0.000574988,0.0007905138,0,0,0.010727056
k__Fungi;p__Basidiomycota;c__Agaricomycetes;o__Agaricales,0.0198368966,0.0213225371,0.0135884637,0.0075664262,0.0070988231,0.0095679907,0.0357062654,0.0030017153,0.0271755725,0.0104456157,0.0764163373,0.2294799113,0.360911271,0.1090584029
k__Fungi;p__Basidiomycota;c__Agaricomycetes;o__Atheliales,0,0,0,0,0,0.0028993911,0,0,0,0,0,0,0,0
k__Fungi;p__Basidiomycota;c__Agaricomycetes;o__Auriculariales,0,0,0,0,0,0.0023195129,0,0,0.0073282443,0.0003833253,0,0,0.0182853717,0
k__Fungi;p__Basidiomycota;c__Agaricomycetes;o__Boletales,0,0,0,0,0,0.0055088431,0.0003742795,0.0006432247,0,9.58313368471E-005,0.0005270092,0.0002464876,0.01558753,0.0013905443
k__Fungi;p__Basidiomycota;c__Agaricomycetes;o__Cantharellales,0.0044081993,0.0124156545,0.0049916805,0.0001759634,0.0001868111,0.0043490867,0.0075604461,0.0015008576,0.012519084,0.0313368471,0.0002635046,0.0002464876,0,0.0067540723
k__Fungi;p__Basidiomycota;c__Agaricomycetes;o__Corticiales,0,0.0029689609,0.0012941394,0.002639451,0.0005604334,0.1469991302,0.0079347257,0.0008576329,0,4.79156684236E-005,0,0,0,0
k__Fungi;p__Basidiomycota;c__Agaricomycetes;o__Geastrales,0.2801410624,0,0.0081345905,0,0,0.0002899391,0.0053147691,0,0.0241221374,0.0062769526,0.0010540184,0.0007394627,0.0002997602,0.0001986492
k__Fungi;p__Basidiomycota;c__Agaricomycetes;o__Polyporales,0,0,0,0,0,0.0005798782,0.0038925069,0,0.0296183206,0.0005270724,0.0002635046,0.0004929751,0.001498801,0
k__Fungi;p__Basidiomycota;c__Agaricomycetes;o__Russulales,0,0,0,0,0,0.0014496956,0.0021708212,0.0002144082,0,0,0,0.0002464876,0,0
k__Fungi;p__Basidiomycota;c__Agaricomycetes;o__Sebacinales,0,0,0,0,0,0.0011597565,0,0,0,0,0,0.0002464876,0,0
k__Fungi;p__Basidiomycota;c__Agaricomycetes;o__Thelephorales,0,0,0,0,0,0,0.0002245677,0,0,0,0.0134387352,0.0128173527,0.0521582734,0.0137067938
k__Fungi;p__Basidiomycota;c__Agaricomycetes;o__Trechisporales,0.0696495482,0.0002699055,0.0014790165,0.0003519268,0.0014944891,0,0,0,0.0061068702,0.0234307619,0,0,0,0
k__Fungi;p__Basidiomycota;c__Agaricomycetes;o__unidentified,0,0,0,0,0,0.0011597565,0,0,0.001221374,0,0,0,0.001498801,0.0027810886
k__Fungi;p__Basidiomycota;c__Agaricostilbomycetes;o__Agaricostilbales,0,0,0,0,0,0,0,0,0,0.000287494,0,0,0,0
k__Fungi;p__Basidiomycota;c__Cystobasidiomycetes;o__Erythrobasidiales,0,0,0,0,0,0,0.0002994236,0,0.0009160305,0.0003354097,0,0,0,0
k__Fungi;p__Basidiomycota;c__Exobasidiomycetes;Other,0.00022041,0,0.0004621926,0.0010557804,0,0,0,0,0,0,0,0,0,0
k__Fungi;p__Basidiomycota;c__Microbotryomycetes;o__Sporidiobolales,0,0,0.0005546312,0,0,0.0002899391,0.0004491354,0,0.0018320611,0.0006708194,0,0.0007394627,0.0002997602,0.0003972984
k__Fungi;p__Basidiomycota;c__Microbotryomycetes;o__unidentified,0,0,0,0,0,0,7.48559023879E-005,0,0,0,0.0015810277,0.0150357407,0.0005995204,0.0029797378
k__Fungi;p__Basidiomycota;c__Tremellomycetes;Other,0,0,0,0,0,0,7.48559023879E-005,0,0.000610687,0.0003833253,0,0,0,0
k__Fungi;p__Basidiomycota;c__Tremellomycetes;o__Filobasidiales,0.0800088164,0.0105263158,0.0153447957,0.0093260602,0.0100878012,0.0156567121,0.0044164982,0.0004288165,0.000610687,0.0061811212,0.0042160738,0.0024648755,0.0011990408,0.0075486691
k__Fungi;p__Basidiomycota;c__Tremellomycetes;o__Tremellales,0.0028653295,0.008097166,0.0119245702,0.0036952314,0.0007472445,0.0031893302,0.0171420016,0.0025728988,0.0051908397,0.0062769526,0.0031620553,0.0012324378,0.0017985612,0.005363528
k__Fungi;p__Basidiomycota;c__Tremellomycetes;o__Trichosporonales,0,0,0,0,0,0,0,0,0.0018320611,0,0,0,0,0
k__Fungi;p__Basidiomycota;c__Wallemiomycetes;o__Geminibasidiales,0.0008816399,0.0008097166,0.0010168238,0,0.0001868111,0.0362423891,0.0181899843,0.0188679245,0.027480916,0.009103977,0.0927536232,0.1510968696,0.0731414868,0.0854191498
k__Fungi;p__Basidiomycota;c__Wallemiomycetes;o__unidentified,0.0006612299,0.0005398111,0.0008319468,0.0007038536,0.0001868111,0,0,0,0,0,0,0,0,0
k__Fungi;p__Basidiomycota;c__unidentified;o__unidentified,0,0,0,0,0,0,0,0,0,0.0120747484,0,0,0,0
k__Fungi;p__Chytridiomycota;Other;Other,0,0,0,0,0,0.0017396347,0.0026948125,0.0004288165,0,0.0019166267,0,0,0,0
k__Fungi;p__Chytridiomycota;c__Chytridiomycetes;Other,0.0013224598,0,0.0002773156,0.0001759634,0,0,0.0009731267,0,0.0003053435,0.0014374701,0,0,0,0
k__Fungi;p__Chytridiomycota;c__Chytridiomycetes;o__Rhizophlyctidales,0,0,0.0009243853,0,0.0007472445,0.0011597565,0.001571974,0,0,0.0027311931,0,0,0,0
k__Fungi;p__Chytridiomycota;c__Chytridiomycetes;o__Rhizophydiales,0.0004408199,0.0005398111,9.24385283786E-005,0,0,0,0,0,0,0,0,0,0,0
k__Fungi;p__Chytridiomycota;c__Chytridiomycetes;o__Spizellomycetales,0.00022041,0.0010796221,0.001571455,0.0010557804,0,0.0092780516,0.0072610225,0.0004288165,0.0061068702,0.001006229,0.0076416337,0.0019719004,0,0.0011918951
k__Fungi;p__Chytridiomycota;c__Chytridiomycetes;o__unidentified,0,0,0.0003697541,0,0,0.0014496956,0.0038925069,0,0,0.0162913273,0,0,0,0
k__Fungi;p__Chytridiomycota;c__unidentified;o__unidentified,0.0022040996,0,0.0018487706,0.0001759634,0.0001868111,0.0002899391,0.0024702448,0.0008576329,0,0.0021562051,0.0018445323,0.0009859502,0,0.0001986492
k__Fungi;p__Glomeromycota;Other;Other,0,0,0.0001848771,0,0,0.0005798782,0.0014222621,0.0002144082,0.0018320611,0,0.0002635046,0,0,0
k__Fungi;p__Glomeromycota;c__Glomeromycetes;o__Diversisporales,0,0,0,0,0,0,0,0,0,0,0.0010540184,0.0004929751,0.0002997602,0.0001986492
k__Fungi;p__Glomeromycota;c__Glomeromycetes;o__Glomerales,0,0.0059379217,0.0029580329,0.0010557804,0.0003736223,0.0049289649,0.0187139756,0.0083619211,0.0360305344,0.0066602779,0.0005270092,0.0002464876,0.0092925659,0.0013905443
k__Fungi;p__Glomeromycota;c__unidentified;o__unidentified,0.00022041,0.0008097166,0.0003697541,0,0,0,0.0070364548,0.0002144082,0.0009160305,0.000143747,0.0005270092,0.0002464876,0,0.0003972984
k__Fungi;p__Incertae_sedis;c__Incertae_sedis;o__Incertae_sedis,0,0,0,0,0,0,0,0,0,0,0.0065876153,0,0,0.0027810886
k__Fungi;p__Zygomycota;c__Incertae_sedis;o__Mortierellales,0.0026449196,0.0029689609,0.0043446108,0.0100299138,0.0007472445,0.020585677,0.0163934426,0.0105060034,0.0290076336,0.0137038812,0.0131752306,0.0054227262,0.0086930456,0.0073500199
k__Fungi;p__Zygomycota;c__Incertae_sedis;o__Mucorales,0,0,0,0,0,0,0,0,0,0,0.0007905138,0.0007394627,0.0002997602,0.0015891935
k__Fungi;p__unidentified;c__unidentified;o__unidentified,0.0074939387,0.0566801619,0.0708079127,0.4608481436,0.0222305249,0.0249347637,0.0322628939,0.0132933105,0.0097709924,0.1039290848,0.0057971014,0.0019719004,0.0068944844,0.0045689313
